0,319
0,318
33,5
33,4
33,3
33,2
0,317
0,316
33,1
33,0
32,3
32,2
32,1
32,0
31,4
31,3
31,2
31,1
31,0
30,3
30,2
30,1
30,0
29,3
29,2
29,1
29,0
28,3
28,2
28,1
28,0
27,4
27,3
27,2
27,1
27,0
26,3
26,2
26,1
26,0
25,4
25,3
25,2
0,283
25,1
25,0
24,4
24,3
24,2
0,9
24,1
24,0
23,35
3,2
10,89
10,147
10,143
10,13
10,129
10,21
10,2
10,3
11,7
11,9
11,15
11,11
11,2
11,3
9,5
9,2
9,3
8,6
8,9
8,11
8,4
8,7
8,2
8,3
12,2
12,1
12,3
20,2
20,1
20,3
19,2
19,1
19,3
18,1
18,3
14,1
14,3
13,1
13,3
2,2
2,1
2,3
11,29
11,28
11,27
11,26
11,25
11,24
11,23
11,22
11,21
11,1
11,20
10,313
10,312
10,311
10,310
10,309
10,308
10,307
10,306
10,305
10,304
10,303
10,302
10,301
10,300
10,299
